20 9 13 27 3 8 15 27 20 15 27 20 8 15 14 7 27 20 9 14 27 28 21 28 27 28 21 28 27 28 21 28 27 3 21 1 27 26 9 14 7 28 13 16 28 28 3 15 13 27 22 15 9
19 5 1 18 3 8 27 28 21 28 27 28 21 28 27 20 18 5 14 27 26 9 14 7 13 5 27 14 8 5
26 9 14 7 13 5 27 19 5 1 3 8 27 28 21 28 27 28 21 28 27 28 21 28 27 28 21 28
26 9 14 13 16 28 27 19 5 1 18 3 8 27 20 9 14 27 28 21 28 27 28 21 28 27 28 21 28 27 28 21 28
20 9 13 27 3 8 15 27 2 15 27 14 15 9 27 4 21 14 7 27 28 21 28 27 28 21 28 27 26 9 14 7 28 13 16 28 28 3 15 13 27 8 5 27 20 8 15 14 7
13 16 28 27 20 9 13 27 11 9 5 13 27 20 9 14 27 28 21 28 27 28 21 28 27 28 21 28 27 28 21 28 27 14 8 5
13 16 28 27 20 9 13 27 11 9 5 13 27 20 8 15 14 7 27 20 9 14 27 28 21 28 27 28 21 28 27 28 21 28 27 28 21 28 27 1
20 9 13 27 11 9 5 13 27 3 8 15 27 20 15 27 20 8 15 14 7 27 20 9 14 27 28 21 28 27 28 21 28 27 28 21 28 27 28 21 28 27 3 21 1 27 26 9 14 7 13 16 28 27 14 8 5
20 9 13 27 3 8 15 27 20 21 9 27 20 8 15 14 7 27 20 9 14 27 28 21 28 27 26 9 14 7 13 5 27 19 15 9 27 3 15 14 27 22 15 9
26 9 14 7 28 13 16 28 27 19 5 1 18 3 8 27 14 15 9 27 4 21 14 7 27 28 21 28 27 28 21 28 27 28 21 28
